+-------+----------+----------+----------+---------+----------+---------+---------+----------+----------+---------+---------+----------+---------+----------+----------+----------+----------+---------+---------+----------+---------+----------+----------+----------+---------+----------+----------+----------+----------+----------+----------+-----------+
|       | 00000    | 00001    | 00010    | 00011   | 00100    | 00101   | 00110   | 00111    | 01000    | 01001   | 01010   | 01011    | 01100   | 01101    | 01110    | 01111    | 10000    | 10001   | 10010   | 10011    | 10100   | 10101    | 10110    | 10111    | 11000   | 11001    | 11010    | 11011    | 11100    | 11101    | 11110    | 11111     |
+=======+==========+==========+==========+=========+==========+=========+=========+==========+==========+=========+=========+==========+=========+==========+==========+==========+==========+=========+=========+==========+=========+==========+==========+==========+=========+==========+==========+==========+==========+==========+==========+===========+
| 00000 | (0, 0)   | (0, -2)  | (0, -2)  | (0, -4) | (0, -2)  | (0, -4) | (0, -4) | (0, -6)  | (0, -2)  | (0, -4) | (0, -4) | (0, -6)  | (0, -4) | (0, -6)  | (0, -6)  | (0, -8)  | (0, -2)  | (0, -4) | (0, -4) | (0, -6)  | (0, -4) | (0, -6)  | (0, -6)  | (0, -8)  | (0, -4) | (0, -6)  | (0, -6)  | (0, -8)  | (0, -6)  | (0, -8)  | (0, -8)  | (0, -10)  |
+-------+----------+----------+----------+---------+----------+---------+---------+----------+----------+---------+---------+----------+---------+----------+----------+----------+----------+---------+---------+----------+---------+----------+----------+----------+---------+----------+----------+----------+----------+----------+----------+-----------+
| 00001 | (3, -1)  | (-2, 3)  | (3, -3)  | (-2, 1) | (3, -3)  | (-2, 1) | (3, -5) | (-2, -1) | (3, -3)  | (-2, 1) | (3, -5) | (-2, -1) | (3, -5) | (-2, -1) | (3, -7)  | (-2, -3) | (3, -3)  | (-2, 1) | (3, -5) | (-2, -1) | (3, -5) | (-2, -1) | (3, -7)  | (-2, -3) | (3, -5) | (-2, -1) | (3, -7)  | (-2, -3) | (3, -7)  | (-2, -3) | (3, -9)  | (-2, -5)  |
+-------+----------+----------+----------+---------+----------+---------+---------+----------+----------+---------+---------+----------+---------+----------+----------+----------+----------+---------+---------+----------+---------+----------+----------+----------+---------+----------+----------+----------+----------+----------+----------+-----------+
| 00010 | (3, -1)  | (3, -3)  | (-2, 3)  | (-2, 1) | (3, -3)  | (3, -5) | (-2, 1) | (-2, -1) | (3, -3)  | (3, -5) | (-2, 1) | (-2, -1) | (3, -5) | (3, -7)  | (-2, -1) | (-2, -3) | (3, -3)  | (3, -5) | (-2, 1) | (-2, -1) | (3, -5) | (3, -7)  | (-2, -1) | (-2, -3) | (3, -5) | (3, -7)  | (-2, -1) | (-2, -3) | (3, -7)  | (3, -9)  | (-2, -3) | (-2, -5)  |
+-------+----------+----------+----------+---------+----------+---------+---------+----------+----------+---------+---------+----------+---------+----------+----------+----------+----------+---------+---------+----------+---------+----------+----------+----------+---------+----------+----------+----------+----------+----------+----------+-----------+
| 00011 | (6, -2)  | (1, 2)   | (1, 2)   | (-4, 6) | (6, -4)  | (1, 0)  | (1, 0)  | (-4, 4)  | (6, -4)  | (1, 0)  | (1, 0)  | (-4, 4)  | (6, -6) | (1, -2)  | (1, -2)  | (-4, 2)  | (6, -4)  | (1, 0)  | (1, 0)  | (-4, 4)  | (6, -6) | (1, -2)  | (1, -2)  | (-4, 2)  | (6, -6) | (1, -2)  | (1, -2)  | (-4, 2)  | (6, -8)  | (1, -4)  | (1, -4)  | (-4, 0)   |
+-------+----------+----------+----------+---------+----------+---------+---------+----------+----------+---------+---------+----------+---------+----------+----------+----------+----------+---------+---------+----------+---------+----------+----------+----------+---------+----------+----------+----------+----------+----------+----------+-----------+
| 00100 | (3, -1)  | (3, -3)  | (3, -3)  | (3, -5) | (-2, 3)  | (-2, 1) | (-2, 1) | (-2, -1) | (3, -3)  | (3, -5) | (3, -5) | (3, -7)  | (-2, 1) | (-2, -1) | (-2, -1) | (-2, -3) | (3, -3)  | (3, -5) | (3, -5) | (3, -7)  | (-2, 1) | (-2, -1) | (-2, -1) | (-2, -3) | (3, -5) | (3, -7)  | (3, -7)  | (3, -9)  | (-2, -1) | (-2, -3) | (-2, -3) | (-2, -5)  |
+-------+----------+----------+----------+---------+----------+---------+---------+----------+----------+---------+---------+----------+---------+----------+----------+----------+----------+---------+---------+----------+---------+----------+----------+----------+---------+----------+----------+----------+----------+----------+----------+-----------+
| 00101 | (6, -2)  | (1, 2)   | (6, -4)  | (1, 0)  | (1, 2)   | (-4, 6) | (1, 0)  | (-4, 4)  | (6, -4)  | (1, 0)  | (6, -6) | (1, -2)  | (1, 0)  | (-4, 4)  | (1, -2)  | (-4, 2)  | (6, -4)  | (1, 0)  | (6, -6) | (1, -2)  | (1, 0)  | (-4, 4)  | (1, -2)  | (-4, 2)  | (6, -6) | (1, -2)  | (6, -8)  | (1, -4)  | (1, -2)  | (-4, 2)  | (1, -4)  | (-4, 0)   |
+-------+----------+----------+----------+---------+----------+---------+---------+----------+----------+---------+---------+----------+---------+----------+----------+----------+----------+---------+---------+----------+---------+----------+----------+----------+---------+----------+----------+----------+----------+----------+----------+-----------+
| 00110 | (6, -2)  | (6, -4)  | (1, 2)   | (1, 0)  | (1, 2)   | (1, 0)  | (-4, 6) | (-4, 4)  | (6, -4)  | (6, -6) | (1, 0)  | (1, -2)  | (1, 0)  | (1, -2)  | (-4, 4)  | (-4, 2)  | (6, -4)  | (6, -6) | (1, 0)  | (1, -2)  | (1, 0)  | (1, -2)  | (-4, 4)  | (-4, 2)  | (6, -6) | (6, -8)  | (1, -2)  | (1, -4)  | (1, -2)  | (1, -4)  | (-4, 2)  | (-4, 0)   |
+-------+----------+----------+----------+---------+----------+---------+---------+----------+----------+---------+---------+----------+---------+----------+----------+----------+----------+---------+---------+----------+---------+----------+----------+----------+---------+----------+----------+----------+----------+----------+----------+-----------+
| 00111 | (9, -3)  | (4, 1)   | (4, 1)   | (-1, 5) | (4, 1)   | (-1, 5) | (-1, 5) | (-6, 9)  | (9, -5)  | (4, -1) | (4, -1) | (-1, 3)  | (4, -1) | (-1, 3)  | (-1, 3)  | (-6, 7)  | (9, -5)  | (4, -1) | (4, -1) | (-1, 3)  | (4, -1) | (-1, 3)  | (-1, 3)  | (-6, 7)  | (9, -7) | (4, -3)  | (4, -3)  | (-1, 1)  | (4, -3)  | (-1, 1)  | (-1, 1)  | (-6, 5)   |
+-------+----------+----------+----------+---------+----------+---------+---------+----------+----------+---------+---------+----------+---------+----------+----------+----------+----------+---------+---------+----------+---------+----------+----------+----------+---------+----------+----------+----------+----------+----------+----------+-----------+
| 01000 | (3, -1)  | (3, -3)  | (3, -3)  | (3, -5) | (3, -3)  | (3, -5) | (3, -5) | (3, -7)  | (-2, 3)  | (-2, 1) | (-2, 1) | (-2, -1) | (-2, 1) | (-2, -1) | (-2, -1) | (-2, -3) | (3, -3)  | (3, -5) | (3, -5) | (3, -7)  | (3, -5) | (3, -7)  | (3, -7)  | (3, -9)  | (-2, 1) | (-2, -1) | (-2, -1) | (-2, -3) | (-2, -1) | (-2, -3) | (-2, -3) | (-2, -5)  |
+-------+----------+----------+----------+---------+----------+---------+---------+----------+----------+---------+---------+----------+---------+----------+----------+----------+----------+---------+---------+----------+---------+----------+----------+----------+---------+----------+----------+----------+----------+----------+----------+-----------+
| 01001 | (6, -2)  | (1, 2)   | (6, -4)  | (1, 0)  | (6, -4)  | (1, 0)  | (6, -6) | (1, -2)  | (1, 2)   | (-4, 6) | (1, 0)  | (-4, 4)  | (1, 0)  | (-4, 4)  | (1, -2)  | (-4, 2)  | (6, -4)  | (1, 0)  | (6, -6) | (1, -2)  | (6, -6) | (1, -2)  | (6, -8)  | (1, -4)  | (1, 0)  | (-4, 4)  | (1, -2)  | (-4, 2)  | (1, -2)  | (-4, 2)  | (1, -4)  | (-4, 0)   |
+-------+----------+----------+----------+---------+----------+---------+---------+----------+----------+---------+---------+----------+---------+----------+----------+----------+----------+---------+---------+----------+---------+----------+----------+----------+---------+----------+----------+----------+----------+----------+----------+-----------+
| 01010 | (6, -2)  | (6, -4)  | (1, 2)   | (1, 0)  | (6, -4)  | (6, -6) | (1, 0)  | (1, -2)  | (1, 2)   | (1, 0)  | (-4, 6) | (-4, 4)  | (1, 0)  | (1, -2)  | (-4, 4)  | (-4, 2)  | (6, -4)  | (6, -6) | (1, 0)  | (1, -2)  | (6, -6) | (6, -8)  | (1, -2)  | (1, -4)  | (1, 0)  | (1, -2)  | (-4, 4)  | (-4, 2)  | (1, -2)  | (1, -4)  | (-4, 2)  | (-4, 0)   |
+-------+----------+----------+----------+---------+----------+---------+---------+----------+----------+---------+---------+----------+---------+----------+----------+----------+----------+---------+---------+----------+---------+----------+----------+----------+---------+----------+----------+----------+----------+----------+----------+-----------+
| 01011 | (9, -3)  | (4, 1)   | (4, 1)   | (-1, 5) | (9, -5)  | (4, -1) | (4, -1) | (-1, 3)  | (4, 1)   | (-1, 5) | (-1, 5) | (-6, 9)  | (4, -1) | (-1, 3)  | (-1, 3)  | (-6, 7)  | (9, -5)  | (4, -1) | (4, -1) | (-1, 3)  | (9, -7) | (4, -3)  | (4, -3)  | (-1, 1)  | (4, -1) | (-1, 3)  | (-1, 3)  | (-6, 7)  | (4, -3)  | (-1, 1)  | (-1, 1)  | (-6, 5)   |
+-------+----------+----------+----------+---------+----------+---------+---------+----------+----------+---------+---------+----------+---------+----------+----------+----------+----------+---------+---------+----------+---------+----------+----------+----------+---------+----------+----------+----------+----------+----------+----------+-----------+
| 01100 | (6, -2)  | (6, -4)  | (6, -4)  | (6, -6) | (1, 2)   | (1, 0)  | (1, 0)  | (1, -2)  | (1, 2)   | (1, 0)  | (1, 0)  | (1, -2)  | (-4, 6) | (-4, 4)  | (-4, 4)  | (-4, 2)  | (6, -4)  | (6, -6) | (6, -6) | (6, -8)  | (1, 0)  | (1, -2)  | (1, -2)  | (1, -4)  | (1, 0)  | (1, -2)  | (1, -2)  | (1, -4)  | (-4, 4)  | (-4, 2)  | (-4, 2)  | (-4, 0)   |
+-------+----------+----------+----------+---------+----------+---------+---------+----------+----------+---------+---------+----------+---------+----------+----------+----------+----------+---------+---------+----------+---------+----------+----------+----------+---------+----------+----------+----------+----------+----------+----------+-----------+
| 01101 | (9, -3)  | (4, 1)   | (9, -5)  | (4, -1) | (4, 1)   | (-1, 5) | (4, -1) | (-1, 3)  | (4, 1)   | (-1, 5) | (4, -1) | (-1, 3)  | (-1, 5) | (-6, 9)  | (-1, 3)  | (-6, 7)  | (9, -5)  | (4, -1) | (9, -7) | (4, -3)  | (4, -1) | (-1, 3)  | (4, -3)  | (-1, 1)  | (4, -1) | (-1, 3)  | (4, -3)  | (-1, 1)  | (-1, 3)  | (-6, 7)  | (-1, 1)  | (-6, 5)   |
+-------+----------+----------+----------+---------+----------+---------+---------+----------+----------+---------+---------+----------+---------+----------+----------+----------+----------+---------+---------+----------+---------+----------+----------+----------+---------+----------+----------+----------+----------+----------+----------+-----------+
| 01110 | (9, -3)  | (9, -5)  | (4, 1)   | (4, -1) | (4, 1)   | (4, -1) | (-1, 5) | (-1, 3)  | (4, 1)   | (4, -1) | (-1, 5) | (-1, 3)  | (-1, 5) | (-1, 3)  | (-6, 9)  | (-6, 7)  | (9, -5)  | (9, -7) | (4, -1) | (4, -3)  | (4, -1) | (4, -3)  | (-1, 3)  | (-1, 1)  | (4, -1) | (4, -3)  | (-1, 3)  | (-1, 1)  | (-1, 3)  | (-1, 1)  | (-6, 7)  | (-6, 5)   |
+-------+----------+----------+----------+---------+----------+---------+---------+----------+----------+---------+---------+----------+---------+----------+----------+----------+----------+---------+---------+----------+---------+----------+----------+----------+---------+----------+----------+----------+----------+----------+----------+-----------+
| 01111 | (12, -4) | (7, 0)   | (7, 0)   | (2, 4)  | (7, 0)   | (2, 4)  | (2, 4)  | (-3, 8)  | (7, 0)   | (2, 4)  | (2, 4)  | (-3, 8)  | (2, 4)  | (-3, 8)  | (-3, 8)  | (-8, 12) | (12, -6) | (7, -2) | (7, -2) | (2, 2)   | (7, -2) | (2, 2)   | (2, 2)   | (-3, 6)  | (7, -2) | (2, 2)   | (2, 2)   | (-3, 6)  | (2, 2)   | (-3, 6)  | (-3, 6)  | (-8, 10)  |
+-------+----------+----------+----------+---------+----------+---------+---------+----------+----------+---------+---------+----------+---------+----------+----------+----------+----------+---------+---------+----------+---------+----------+----------+----------+---------+----------+----------+----------+----------+----------+----------+-----------+
| 10000 | (3, -1)  | (3, -3)  | (3, -3)  | (3, -5) | (3, -3)  | (3, -5) | (3, -5) | (3, -7)  | (3, -3)  | (3, -5) | (3, -5) | (3, -7)  | (3, -5) | (3, -7)  | (3, -7)  | (3, -9)  | (-2, 3)  | (-2, 1) | (-2, 1) | (-2, -1) | (-2, 1) | (-2, -1) | (-2, -1) | (-2, -3) | (-2, 1) | (-2, -1) | (-2, -1) | (-2, -3) | (-2, -1) | (-2, -3) | (-2, -3) | (-2, -5)  |
+-------+----------+----------+----------+---------+----------+---------+---------+----------+----------+---------+---------+----------+---------+----------+----------+----------+----------+---------+---------+----------+---------+----------+----------+----------+---------+----------+----------+----------+----------+----------+----------+-----------+
| 10001 | (6, -2)  | (1, 2)   | (6, -4)  | (1, 0)  | (6, -4)  | (1, 0)  | (6, -6) | (1, -2)  | (6, -4)  | (1, 0)  | (6, -6) | (1, -2)  | (6, -6) | (1, -2)  | (6, -8)  | (1, -4)  | (1, 2)   | (-4, 6) | (1, 0)  | (-4, 4)  | (1, 0)  | (-4, 4)  | (1, -2)  | (-4, 2)  | (1, 0)  | (-4, 4)  | (1, -2)  | (-4, 2)  | (1, -2)  | (-4, 2)  | (1, -4)  | (-4, 0)   |
+-------+----------+----------+----------+---------+----------+---------+---------+----------+----------+---------+---------+----------+---------+----------+----------+----------+----------+---------+---------+----------+---------+----------+----------+----------+---------+----------+----------+----------+----------+----------+----------+-----------+
| 10010 | (6, -2)  | (6, -4)  | (1, 2)   | (1, 0)  | (6, -4)  | (6, -6) | (1, 0)  | (1, -2)  | (6, -4)  | (6, -6) | (1, 0)  | (1, -2)  | (6, -6) | (6, -8)  | (1, -2)  | (1, -4)  | (1, 2)   | (1, 0)  | (-4, 6) | (-4, 4)  | (1, 0)  | (1, -2)  | (-4, 4)  | (-4, 2)  | (1, 0)  | (1, -2)  | (-4, 4)  | (-4, 2)  | (1, -2)  | (1, -4)  | (-4, 2)  | (-4, 0)   |
+-------+----------+----------+----------+---------+----------+---------+---------+----------+----------+---------+---------+----------+---------+----------+----------+----------+----------+---------+---------+----------+---------+----------+----------+----------+---------+----------+----------+----------+----------+----------+----------+-----------+
| 10011 | (9, -3)  | (4, 1)   | (4, 1)   | (-1, 5) | (9, -5)  | (4, -1) | (4, -1) | (-1, 3)  | (9, -5)  | (4, -1) | (4, -1) | (-1, 3)  | (9, -7) | (4, -3)  | (4, -3)  | (-1, 1)  | (4, 1)   | (-1, 5) | (-1, 5) | (-6, 9)  | (4, -1) | (-1, 3)  | (-1, 3)  | (-6, 7)  | (4, -1) | (-1, 3)  | (-1, 3)  | (-6, 7)  | (4, -3)  | (-1, 1)  | (-1, 1)  | (-6, 5)   |
+-------+----------+----------+----------+---------+----------+---------+---------+----------+----------+---------+---------+----------+---------+----------+----------+----------+----------+---------+---------+----------+---------+----------+----------+----------+---------+----------+----------+----------+----------+----------+----------+-----------+
| 10100 | (6, -2)  | (6, -4)  | (6, -4)  | (6, -6) | (1, 2)   | (1, 0)  | (1, 0)  | (1, -2)  | (6, -4)  | (6, -6) | (6, -6) | (6, -8)  | (1, 0)  | (1, -2)  | (1, -2)  | (1, -4)  | (1, 2)   | (1, 0)  | (1, 0)  | (1, -2)  | (-4, 6) | (-4, 4)  | (-4, 4)  | (-4, 2)  | (1, 0)  | (1, -2)  | (1, -2)  | (1, -4)  | (-4, 4)  | (-4, 2)  | (-4, 2)  | (-4, 0)   |
+-------+----------+----------+----------+---------+----------+---------+---------+----------+----------+---------+---------+----------+---------+----------+----------+----------+----------+---------+---------+----------+---------+----------+----------+----------+---------+----------+----------+----------+----------+----------+----------+-----------+
| 10101 | (9, -3)  | (4, 1)   | (9, -5)  | (4, -1) | (4, 1)   | (-1, 5) | (4, -1) | (-1, 3)  | (9, -5)  | (4, -1) | (9, -7) | (4, -3)  | (4, -1) | (-1, 3)  | (4, -3)  | (-1, 1)  | (4, 1)   | (-1, 5) | (4, -1) | (-1, 3)  | (-1, 5) | (-6, 9)  | (-1, 3)  | (-6, 7)  | (4, -1) | (-1, 3)  | (4, -3)  | (-1, 1)  | (-1, 3)  | (-6, 7)  | (-1, 1)  | (-6, 5)   |
+-------+----------+----------+----------+---------+----------+---------+---------+----------+----------+---------+---------+----------+---------+----------+----------+----------+----------+---------+---------+----------+---------+----------+----------+----------+---------+----------+----------+----------+----------+----------+----------+-----------+
| 10110 | (9, -3)  | (9, -5)  | (4, 1)   | (4, -1) | (4, 1)   | (4, -1) | (-1, 5) | (-1, 3)  | (9, -5)  | (9, -7) | (4, -1) | (4, -3)  | (4, -1) | (4, -3)  | (-1, 3)  | (-1, 1)  | (4, 1)   | (4, -1) | (-1, 5) | (-1, 3)  | (-1, 5) | (-1, 3)  | (-6, 9)  | (-6, 7)  | (4, -1) | (4, -3)  | (-1, 3)  | (-1, 1)  | (-1, 3)  | (-1, 1)  | (-6, 7)  | (-6, 5)   |
+-------+----------+----------+----------+---------+----------+---------+---------+----------+----------+---------+---------+----------+---------+----------+----------+----------+----------+---------+---------+----------+---------+----------+----------+----------+---------+----------+----------+----------+----------+----------+----------+-----------+
| 10111 | (12, -4) | (7, 0)   | (7, 0)   | (2, 4)  | (7, 0)   | (2, 4)  | (2, 4)  | (-3, 8)  | (12, -6) | (7, -2) | (7, -2) | (2, 2)   | (7, -2) | (2, 2)   | (2, 2)   | (-3, 6)  | (7, 0)   | (2, 4)  | (2, 4)  | (-3, 8)  | (2, 4)  | (-3, 8)  | (-3, 8)  | (-8, 12) | (7, -2) | (2, 2)   | (2, 2)   | (-3, 6)  | (2, 2)   | (-3, 6)  | (-3, 6)  | (-8, 10)  |
+-------+----------+----------+----------+---------+----------+---------+---------+----------+----------+---------+---------+----------+---------+----------+----------+----------+----------+---------+---------+----------+---------+----------+----------+----------+---------+----------+----------+----------+----------+----------+----------+-----------+
| 11000 | (6, -2)  | (6, -4)  | (6, -4)  | (6, -6) | (6, -4)  | (6, -6) | (6, -6) | (6, -8)  | (1, 2)   | (1, 0)  | (1, 0)  | (1, -2)  | (1, 0)  | (1, -2)  | (1, -2)  | (1, -4)  | (1, 2)   | (1, 0)  | (1, 0)  | (1, -2)  | (1, 0)  | (1, -2)  | (1, -2)  | (1, -4)  | (-4, 6) | (-4, 4)  | (-4, 4)  | (-4, 2)  | (-4, 4)  | (-4, 2)  | (-4, 2)  | (-4, 0)   |
+-------+----------+----------+----------+---------+----------+---------+---------+----------+----------+---------+---------+----------+---------+----------+----------+----------+----------+---------+---------+----------+---------+----------+----------+----------+---------+----------+----------+----------+----------+----------+----------+-----------+
| 11001 | (9, -3)  | (4, 1)   | (9, -5)  | (4, -1) | (9, -5)  | (4, -1) | (9, -7) | (4, -3)  | (4, 1)   | (-1, 5) | (4, -1) | (-1, 3)  | (4, -1) | (-1, 3)  | (4, -3)  | (-1, 1)  | (4, 1)   | (-1, 5) | (4, -1) | (-1, 3)  | (4, -1) | (-1, 3)  | (4, -3)  | (-1, 1)  | (-1, 5) | (-6, 9)  | (-1, 3)  | (-6, 7)  | (-1, 3)  | (-6, 7)  | (-1, 1)  | (-6, 5)   |
+-------+----------+----------+----------+---------+----------+---------+---------+----------+----------+---------+---------+----------+---------+----------+----------+----------+----------+---------+---------+----------+---------+----------+----------+----------+---------+----------+----------+----------+----------+----------+----------+-----------+
| 11010 | (9, -3)  | (9, -5)  | (4, 1)   | (4, -1) | (9, -5)  | (9, -7) | (4, -1) | (4, -3)  | (4, 1)   | (4, -1) | (-1, 5) | (-1, 3)  | (4, -1) | (4, -3)  | (-1, 3)  | (-1, 1)  | (4, 1)   | (4, -1) | (-1, 5) | (-1, 3)  | (4, -1) | (4, -3)  | (-1, 3)  | (-1, 1)  | (-1, 5) | (-1, 3)  | (-6, 9)  | (-6, 7)  | (-1, 3)  | (-1, 1)  | (-6, 7)  | (-6, 5)   |
+-------+----------+----------+----------+---------+----------+---------+---------+----------+----------+---------+---------+----------+---------+----------+----------+----------+----------+---------+---------+----------+---------+----------+----------+----------+---------+----------+----------+----------+----------+----------+----------+-----------+
| 11011 | (12, -4) | (7, 0)   | (7, 0)   | (2, 4)  | (12, -6) | (7, -2) | (7, -2) | (2, 2)   | (7, 0)   | (2, 4)  | (2, 4)  | (-3, 8)  | (7, -2) | (2, 2)   | (2, 2)   | (-3, 6)  | (7, 0)   | (2, 4)  | (2, 4)  | (-3, 8)  | (7, -2) | (2, 2)   | (2, 2)   | (-3, 6)  | (2, 4)  | (-3, 8)  | (-3, 8)  | (-8, 12) | (2, 2)   | (-3, 6)  | (-3, 6)  | (-8, 10)  |
+-------+----------+----------+----------+---------+----------+---------+---------+----------+----------+---------+---------+----------+---------+----------+----------+----------+----------+---------+---------+----------+---------+----------+----------+----------+---------+----------+----------+----------+----------+----------+----------+-----------+
| 11100 | (9, -3)  | (9, -5)  | (9, -5)  | (9, -7) | (4, 1)   | (4, -1) | (4, -1) | (4, -3)  | (4, 1)   | (4, -1) | (4, -1) | (4, -3)  | (-1, 5) | (-1, 3)  | (-1, 3)  | (-1, 1)  | (4, 1)   | (4, -1) | (4, -1) | (4, -3)  | (-1, 5) | (-1, 3)  | (-1, 3)  | (-1, 1)  | (-1, 5) | (-1, 3)  | (-1, 3)  | (-1, 1)  | (-6, 9)  | (-6, 7)  | (-6, 7)  | (-6, 5)   |
+-------+----------+----------+----------+---------+----------+---------+---------+----------+----------+---------+---------+----------+---------+----------+----------+----------+----------+---------+---------+----------+---------+----------+----------+----------+---------+----------+----------+----------+----------+----------+----------+-----------+
| 11101 | (12, -4) | (7, 0)   | (12, -6) | (7, -2) | (7, 0)   | (2, 4)  | (7, -2) | (2, 2)   | (7, 0)   | (2, 4)  | (7, -2) | (2, 2)   | (2, 4)  | (-3, 8)  | (2, 2)   | (-3, 6)  | (7, 0)   | (2, 4)  | (7, -2) | (2, 2)   | (2, 4)  | (-3, 8)  | (2, 2)   | (-3, 6)  | (2, 4)  | (-3, 8)  | (2, 2)   | (-3, 6)  | (-3, 8)  | (-8, 12) | (-3, 6)  | (-8, 10)  |
+-------+----------+----------+----------+---------+----------+---------+---------+----------+----------+---------+---------+----------+---------+----------+----------+----------+----------+---------+---------+----------+---------+----------+----------+----------+---------+----------+----------+----------+----------+----------+----------+-----------+
| 11110 | (12, -4) | (12, -6) | (7, 0)   | (7, -2) | (7, 0)   | (7, -2) | (2, 4)  | (2, 2)   | (7, 0)   | (7, -2) | (2, 4)  | (2, 2)   | (2, 4)  | (2, 2)   | (-3, 8)  | (-3, 6)  | (7, 0)   | (7, -2) | (2, 4)  | (2, 2)   | (2, 4)  | (2, 2)   | (-3, 8)  | (-3, 6)  | (2, 4)  | (2, 2)   | (-3, 8)  | (-3, 6)  | (-3, 8)  | (-3, 6)  | (-8, 12) | (-8, 10)  |
+-------+----------+----------+----------+---------+----------+---------+---------+----------+----------+---------+---------+----------+---------+----------+----------+----------+----------+---------+---------+----------+---------+----------+----------+----------+---------+----------+----------+----------+----------+----------+----------+-----------+
| 11111 | (15, -5) | (10, -1) | (10, -1) | (5, 3)  | (10, -1) | (5, 3)  | (5, 3)  | (0, 7)   | (10, -1) | (5, 3)  | (5, 3)  | (0, 7)   | (5, 3)  | (0, 7)   | (0, 7)   | (-5, 11) | (10, -1) | (5, 3)  | (5, 3)  | (0, 7)   | (5, 3)  | (0, 7)   | (0, 7)   | (-5, 11) | (5, 3)  | (0, 7)   | (0, 7)   | (-5, 11) | (0, 7)   | (-5, 11) | (-5, 11) | (-10, 15) |
+-------+----------+----------+----------+---------+----------+---------+---------+----------+----------+---------+---------+----------+---------+----------+----------+----------+----------+---------+---------+----------+---------+----------+----------+----------+---------+----------+----------+----------+----------+----------+----------+-----------+