+------+----------+---------+---------+---------+---------+---------+---------+----------+---------+---------+---------+----------+---------+----------+----------+----------+
|      | 0000     | 0001    | 0010    | 0011    | 0100    | 0101    | 0110    | 0111     | 1000    | 1001    | 1010    | 1011     | 1100    | 1101     | 1110     | 1111     |
+======+==========+=========+=========+=========+=========+=========+=========+==========+=========+=========+=========+==========+=========+==========+==========+==========+
| 0000 | (0, 0)   | (0, -2) | (0, -2) | (0, -4) | (0, -2) | (0, -4) | (0, -4) | (0, -6)  | (0, -2) | (0, -4) | (0, -4) | (0, -6)  | (0, -4) | (0, -6)  | (0, -6)  | (0, -8)  |
+------+----------+---------+---------+---------+---------+---------+---------+----------+---------+---------+---------+----------+---------+----------+----------+----------+
| 0001 | (3, -1)  | (-2, 3) | (3, -3) | (-2, 1) | (3, -3) | (-2, 1) | (3, -5) | (-2, -1) | (3, -3) | (-2, 1) | (3, -5) | (-2, -1) | (3, -5) | (-2, -1) | (3, -7)  | (-2, -3) |
+------+----------+---------+---------+---------+---------+---------+---------+----------+---------+---------+---------+----------+---------+----------+----------+----------+
| 0010 | (3, -1)  | (3, -3) | (-2, 3) | (-2, 1) | (3, -3) | (3, -5) | (-2, 1) | (-2, -1) | (3, -3) | (3, -5) | (-2, 1) | (-2, -1) | (3, -5) | (3, -7)  | (-2, -1) | (-2, -3) |
+------+----------+---------+---------+---------+---------+---------+---------+----------+---------+---------+---------+----------+---------+----------+----------+----------+
| 0011 | (6, -2)  | (1, 2)  | (1, 2)  | (-4, 6) | (6, -4) | (1, 0)  | (1, 0)  | (-4, 4)  | (6, -4) | (1, 0)  | (1, 0)  | (-4, 4)  | (6, -6) | (1, -2)  | (1, -2)  | (-4, 2)  |
+------+----------+---------+---------+---------+---------+---------+---------+----------+---------+---------+---------+----------+---------+----------+----------+----------+
| 0100 | (3, -1)  | (3, -3) | (3, -3) | (3, -5) | (-2, 3) | (-2, 1) | (-2, 1) | (-2, -1) | (3, -3) | (3, -5) | (3, -5) | (3, -7)  | (-2, 1) | (-2, -1) | (-2, -1) | (-2, -3) |
+------+----------+---------+---------+---------+---------+---------+---------+----------+---------+---------+---------+----------+---------+----------+----------+----------+
| 0101 | (6, -2)  | (1, 2)  | (6, -4) | (1, 0)  | (1, 2)  | (-4, 6) | (1, 0)  | (-4, 4)  | (6, -4) | (1, 0)  | (6, -6) | (1, -2)  | (1, 0)  | (-4, 4)  | (1, -2)  | (-4, 2)  |
+------+----------+---------+---------+---------+---------+---------+---------+----------+---------+---------+---------+----------+---------+----------+----------+----------+
| 0110 | (6, -2)  | (6, -4) | (1, 2)  | (1, 0)  | (1, 2)  | (1, 0)  | (-4, 6) | (-4, 4)  | (6, -4) | (6, -6) | (1, 0)  | (1, -2)  | (1, 0)  | (1, -2)  | (-4, 4)  | (-4, 2)  |
+------+----------+---------+---------+---------+---------+---------+---------+----------+---------+---------+---------+----------+---------+----------+----------+----------+
| 0111 | (9, -3)  | (4, 1)  | (4, 1)  | (-1, 5) | (4, 1)  | (-1, 5) | (-1, 5) | (-6, 9)  | (9, -5) | (4, -1) | (4, -1) | (-1, 3)  | (4, -1) | (-1, 3)  | (-1, 3)  | (-6, 7)  |
+------+----------+---------+---------+---------+---------+---------+---------+----------+---------+---------+---------+----------+---------+----------+----------+----------+
| 1000 | (3, -1)  | (3, -3) | (3, -3) | (3, -5) | (3, -3) | (3, -5) | (3, -5) | (3, -7)  | (-2, 3) | (-2, 1) | (-2, 1) | (-2, -1) | (-2, 1) | (-2, -1) | (-2, -1) | (-2, -3) |
+------+----------+---------+---------+---------+---------+---------+---------+----------+---------+---------+---------+----------+---------+----------+----------+----------+
| 1001 | (6, -2)  | (1, 2)  | (6, -4) | (1, 0)  | (6, -4) | (1, 0)  | (6, -6) | (1, -2)  | (1, 2)  | (-4, 6) | (1, 0)  | (-4, 4)  | (1, 0)  | (-4, 4)  | (1, -2)  | (-4, 2)  |
+------+----------+---------+---------+---------+---------+---------+---------+----------+---------+---------+---------+----------+---------+----------+----------+----------+
| 1010 | (6, -2)  | (6, -4) | (1, 2)  | (1, 0)  | (6, -4) | (6, -6) | (1, 0)  | (1, -2)  | (1, 2)  | (1, 0)  | (-4, 6) | (-4, 4)  | (1, 0)  | (1, -2)  | (-4, 4)  | (-4, 2)  |
+------+----------+---------+---------+---------+---------+---------+---------+----------+---------+---------+---------+----------+---------+----------+----------+----------+
| 1011 | (9, -3)  | (4, 1)  | (4, 1)  | (-1, 5) | (9, -5) | (4, -1) | (4, -1) | (-1, 3)  | (4, 1)  | (-1, 5) | (-1, 5) | (-6, 9)  | (4, -1) | (-1, 3)  | (-1, 3)  | (-6, 7)  |
+------+----------+---------+---------+---------+---------+---------+---------+----------+---------+---------+---------+----------+---------+----------+----------+----------+
| 1100 | (6, -2)  | (6, -4) | (6, -4) | (6, -6) | (1, 2)  | (1, 0)  | (1, 0)  | (1, -2)  | (1, 2)  | (1, 0)  | (1, 0)  | (1, -2)  | (-4, 6) | (-4, 4)  | (-4, 4)  | (-4, 2)  |
+------+----------+---------+---------+---------+---------+---------+---------+----------+---------+---------+---------+----------+---------+----------+----------+----------+
| 1101 | (9, -3)  | (4, 1)  | (9, -5) | (4, -1) | (4, 1)  | (-1, 5) | (4, -1) | (-1, 3)  | (4, 1)  | (-1, 5) | (4, -1) | (-1, 3)  | (-1, 5) | (-6, 9)  | (-1, 3)  | (-6, 7)  |
+------+----------+---------+---------+---------+---------+---------+---------+----------+---------+---------+---------+----------+---------+----------+----------+----------+
| 1110 | (9, -3)  | (9, -5) | (4, 1)  | (4, -1) | (4, 1)  | (4, -1) | (-1, 5) | (-1, 3)  | (4, 1)  | (4, -1) | (-1, 5) | (-1, 3)  | (-1, 5) | (-1, 3)  | (-6, 9)  | (-6, 7)  |
+------+----------+---------+---------+---------+---------+---------+---------+----------+---------+---------+---------+----------+---------+----------+----------+----------+
| 1111 | (12, -4) | (7, 0)  | (7, 0)  | (2, 4)  | (7, 0)  | (2, 4)  | (2, 4)  | (-3, 8)  | (7, 0)  | (2, 4)  | (2, 4)  | (-3, 8)  | (2, 4)  | (-3, 8)  | (-3, 8)  | (-8, 12) |
+------+----------+---------+---------+---------+---------+---------+---------+----------+---------+---------+---------+----------+---------+----------+----------+----------+