+-----+---------+---------+---------+---------+
|     | 00      | 01      | 10      | 11      |
+=====+=========+=========+=========+=========+
|  00 | (0, 0)  | (0, -2) | (0, -2) | (0, -4) |
+-----+---------+---------+---------+---------+
|  01 | (3, -1) | (-2, 3) | (3, -3) | (-2, 1) |
+-----+---------+---------+---------+---------+
|  10 | (3, -1) | (3, -3) | (-2, 3) | (-2, 1) |
+-----+---------+---------+---------+---------+
|  11 | (6, -2) | (1, 2)  | (1, 2)  | (-4, 6) |
+-----+---------+---------+---------+---------+