+-----+---------+---------+---------+---------+---------+---------+---------+----------+
|     | 000     | 001     | 010     | 011     | 100     | 101     | 110     | 111      |
+=====+=========+=========+=========+=========+=========+=========+=========+==========+
| 000 | (0, 0)  | (0, -2) | (0, -2) | (0, -4) | (0, -2) | (0, -4) | (0, -4) | (0, -6)  |
+-----+---------+---------+---------+---------+---------+---------+---------+----------+
| 001 | (3, -1) | (-2, 3) | (3, -3) | (-2, 1) | (3, -3) | (-2, 1) | (3, -5) | (-2, -1) |
+-----+---------+---------+---------+---------+---------+---------+---------+----------+
| 010 | (3, -1) | (3, -3) | (-2, 3) | (-2, 1) | (3, -3) | (3, -5) | (-2, 1) | (-2, -1) |
+-----+---------+---------+---------+---------+---------+---------+---------+----------+
| 011 | (6, -2) | (1, 2)  | (1, 2)  | (-4, 6) | (6, -4) | (1, 0)  | (1, 0)  | (-4, 4)  |
+-----+---------+---------+---------+---------+---------+---------+---------+----------+
| 100 | (3, -1) | (3, -3) | (3, -3) | (3, -5) | (-2, 3) | (-2, 1) | (-2, 1) | (-2, -1) |
+-----+---------+---------+---------+---------+---------+---------+---------+----------+
| 101 | (6, -2) | (1, 2)  | (6, -4) | (1, 0)  | (1, 2)  | (-4, 6) | (1, 0)  | (-4, 4)  |
+-----+---------+---------+---------+---------+---------+---------+---------+----------+
| 110 | (6, -2) | (6, -4) | (1, 2)  | (1, 0)  | (1, 2)  | (1, 0)  | (-4, 6) | (-4, 4)  |
+-----+---------+---------+---------+---------+---------+---------+---------+----------+
| 111 | (9, -3) | (4, 1)  | (4, 1)  | (-1, 5) | (4, 1)  | (-1, 5) | (-1, 5) | (-6, 9)  |
+-----+---------+---------+---------+---------+---------+---------+---------+----------+